179723
28713
14490
88279
228
15023
121434
163411
13365
117007
159313
22444
173007
165535
98618
61608
103872
106454
1975
9115
119057
1622
17572
199430
151773
5716
165905
30859
65149
99387
29417
188338
1006
27321
192518
113993
86547
138558
158020
142348
61427
130575
6280
54245
148688
21162
87606
142411
74779
158613
177837
46220
196774
152859
182776
52415
61698
175973
186220
172576
115638
156820
99532
184131
179516
180811
91773
12595
75295
155560
114018
133314
161248
74929
19799
41841
138032
85319
109532
86792
182865
145398
192093
66443
54870
81802
113551
94764
190306
47011
30540
145670
185209
156219
533
72997
171235
121684
68179
27129
