37873
32882
193186
136327
169307
145588
100603
70605
160829
40602
147904
156024
36959
74762
1706
158135
129770
84970
52392
170364
61401
96608
1959
179943
183695
83549
86249
29603
105678
81668
78607
7151
97356
97382
7474
56783
25313
50922
102153
131283
31500
122050
76744
13700
94398
177703
196169
32457
181609
152425
123358
27441
138340
17157
20821
22893
130220
133887
139590
147832
114545
31986
64207
193898
36228
82251
6168
31651
50831
104006
73515
45373
191118
43024
103354
105506
119041
143216
7119
167918
110526
100110
125582
156275
50990
31113
85978
145252
130335
114513
72662
34398
48892
126903
174421
39302
88920
187013
149357
51676
50310
149615
165776
132319
78422
123988
65086
23775
7612
31318
171839
71124
105742
112863
124070
69544
67086
154256
32906
12605
113187
182346
92981
191636
103080
656
180142
125434
122274
134332
1121
13888
46737
85658
170166
183568
96089
182682
28198
20489
2358
122962
18997
169532
87493
172678
190115
62858
180639
140807
149901
85110
81836
79042
173225
91820
141439
196811
192595
107484
112110
71224
173990
43467
195590
136027
122508
109577
33376
198019
69575
171280
176170
133287
132124
66050
156726
73759
45236
98158
149844
75905
39947
159097
199175
30387
195358
2545
40318
89940
38681
133675
175135
104896
97844
72959
150553
52257
88335
189138
153725
91226
62501
103474
196041
134802
38892
108948
113677
188643
162407
28785
175147
26066
95611
66059
37291
121155
66807
57690
190762
154331
197719
15471
144837
187072
118045
129643
49965
54342
65344
10140
8075
120693
137526
167973
114934
114933
120810
193714
194786
153857
30234
129533
173076
15944
175576
48757
10453
85743
53637
182951
72126
186493
22650
120336
125532
125441
126879
30684
59297
117989
280
17403
9077
32661
150703
27387
97527
180108
126360
9256
20240
146034
90882
143488
93342
196039
189231
67466
32628
111751
97651
136267
162196
1810
13004
161840
128181
131081
73750
53618
161263
25706
46868
173420
39579
79238
125203
121326
140541
27286
9103
121192
124304
101368
179018
158301
130264
2047
61444
11284
193739
20724
128160
87594
145624
149412
5100
187032
77165
140872
84800
65080
133384
142198
146060
84484
157468
131939
46142
80486
118450
95923
58204
30601
105958
175242
136239
125956
64826
120698
6854
98659
112185
108848
89632
145079
165495
92966
970
165305
84852
180168
9894
178456
173922
59979
58377
52436
83731
31724
129157
174946
195899
20247
68396
77404
161221
178022
144212
184773
193617
52528
109699
181589
151528
20661
187111
17111
69445
56223
113902
190183
41019
110606
189934
166629
54473
111422
98960
164509
164419
993
188500
16648
181348
22606
66057
58369
46453
153388
82820
2851
197416
30570
60443
129283
79987
181122
116206
105627
25950
8950
13575
44020
36702
58312
193831
178064
33316
183374
98527
92638
127186
44031
84979
84134
62545
100243
27649
184121
199588
63498
43186
29530
74726
1206
37925
186958
153867
56719
128858
147796
167660
62406
30005
91372
119907
88118
150547
198694
130252
104585
42174
90524
70754
21152
108034
167414
101965
165367
143392
185629
159925
23301
182350
109080
40550
179765
109992
70926
141129
177641
116914
151176
66331
15414
131179
73299
55395
186176
78496
16326
79572
174106
187907
173977
117953
119813
84193
43848
153804
82469
24607
152943
128845
126582
96088
150499
10312
11776
32086
72584
40942
76833
183150
42804
163545
86625
159374
148688
146791
112434
143322
113515
122786
136958
131749
4050
92942
113914
170160
131471
190698
41174
39457
76253
91662
59798
134004
198615
2486
151849
161469
3666
132705
83708
149328
170191
144085
157284
33737
139319
174474
74085
98166
182003
153296
138645
46275
48020
137834
177526
198035
71695
20827
93737
4511
187981
124608
95062
126321
6370
186359
27163
251
76603
94602
2909
110258
90207
161796
54323
72302
67206
30963
59518
134796
74838
187939
142218
150025
160959
60818
241
76425
93457
52880
124064
65996
70893
127897
162636
11917
68091
25523
24732
136921
136684
43279
51799
165087
68501
193629
194777
23133
40942
138646
16718
106010
129500
60029
27351
36390
148535
141031
29696
198080
170826
72109
151237
66967
6921
21789
147159
110052
165766
119140
5158
20830
40410
4285
63931
9607
91730
10412
10972
142721
156724
4845
85875
115717
64138
122896
163620
17453
180495
38608
24443
37811
24643
53075
42905
155718
140617
150184
54695
48996
79263
102487
165736
66318
66885
190721
149218
136090
145348
44265
100463
57888
72465
199598
185804
31265
19014
138573
36555
170750
159190
143197
1648
139465
8648
811
177289
70611
20534
26872
48250
59185
83242
131284
100660
100741
123415
33492
71697
196912
54332
185268
87706
173856
155095
164585
71963
11674
161277
87774
73316
158710
32475
71914
168242
86681
146469
20527
46845
5573
90901
180232
48961
166888
144058
34402
184908
36440
18969
77667
113314
187667
53342
729
60553
109019
6349
124994
35781
60506
87675
144957
127319
35587
155770
95809
13855
2656
179752
126461
174118
7898
152682
179600
168139
180721
32377
18255
13972
145631
113649
99399
38836
104586
56215
17100
166751
126825
10806
164500
60160
197560
34171
110729
30900
114412
165664
6738
186274
58729
35956
132440
78677
197781
27859
146824
109207
40599
31456
83951
52423
166130
33889
118703
174497
176549
59710
138413
61505
115703
19781
108210
172088
136276
176423
174136
72749
169833
144733
106878
133507
87427
29921
180580
124648
10822
73036
99243
65620
138406
131942
169948
26931
28181
96793
169887
142898
10390
102728
528
137760
149266
150091
103483
157690
16757
166799
189446
130106
79202
162688
127347
12608
180969
163510
185262
176328
77291
91741
70493
5999
166249
168597
124365
42915
196462
100251
149915
195401
148630
191978
71097
177971
95170
34391
77978
110816
160120
68640
38795
43216
100101
169827
150290
50847
34406
158193
26937
73623
80203
28001
164373
162914
20642
16498
172673
9276
131787
197589
105705
13540
58692
114980
158404
85457
31287
146137
143349
123459
61440
108949
56546
140248
183993
59492
197124
111909
12851
162358
47434
28828
1154
34314
176712
33010
173629
161331
54534
178090
90311
98125
129541
152919
15541
181134
95359
177708
19325
10993
106141
164406
179085
79246
190699
45347
3028
29597
34533
23583
28741
51051
164163
169679
28374
5471
165246
159209
26695
183285
61893
146487
185014
34234
30332
144490
98992
43704
187921
28639
25159
128834
77624
152132
90881
145610
99347
66880
113610
94119
15950
23727
87786
178743
119990
144737
71432
82487
192291
182091
43326
118489
102228
156655
128477
71585
151271
106895
29781
89473
186139
60202
23509
27698
83212
127073
66841
160468
1528
160427
73675
32728
133319
14987
102193
181007
56055
121973
174942
73510
155830
30171
118066
166253
69964
137975
171035
149205
46222
168596
90000
25207
150315
150818
177333
115587
16095
167694
145957
6882
154009
5514
104475
86596
68585
198586
155243
111218
94515
35643
167928
50299
19522
126967
177410
172389
56699
7302
1870
79159
46613
138694
102566
151302
1916
99512
120642
4309
122155
82270
148215
12716
92225
97936
30756
15040
42734
8379
35146
32031
152596
177135
79038
143070
162626
106091
21293
110379
192478
145122
101049
87692
136278
131723
133281
151746
56325
29581
102163
21353
125843
154432
55498
193834
83346
168443
183317
92944
82250
63524
16599
6470
47657
16973
131221
101283
47248
164850
35073
173399
113574
193094
187888
172776
53623
100721
32987
103916
27280
126427
52497
92948
57696
21239
142409
39455
31690
159444
190959
16872
137500
12166
173681
99452
142097
147861
6383
192381
37109
38038
70709
122753
33344
72872
110127
183426
193845
73581
125269
198083
6756
13285
59932
91509
102207
119329
70682
130813
41906
87934
28770
159990
122392
12078
115629
50445
67577
146373
138251
65200
174829
146642
135849
158126
70724
180891
78613
16417
136809
14942
136357
176427
148705
121220
90457
97543
141153
32835
128777
62787
66503
195160
31627
195626
75227
55654
8053
141552
37135
35791
11783
128377
153358
3858
47164
49402
80487
61107
51088
199021
162751
118395
54573
131953
106371
164287
162025
107493
7217
182566
89357
180489
197006
147268
108834
153085
144323
48515
37538
196303
66884
96927
194440
157467
120317
3183
14599
127727
94694
90526
170682
197377
132295
131931
27959
19041
54730
86329
198391
164090
11753
142168
41147
190235
165248
192792
30491
162869
14394
62504
39912
163326
130550
142627
176337
144824
199539
179161
108302
131128
25154
114560
59845
60665
18019
115321
109282
63170
195950
51778
97228
138731
138802
77637
170227
41275
52701
112452
184592
118447
117197
15564
130471
50736
139870
40584
179539
165955
15868
154604
52253
24221
53812
67258
153046
49141
77570
54848
138587
166090
139398
48844
112316
128736
177854
180946
157572
192313
145951
109939
111634
23851
111439
53957
169716
90681
49408
144803
184047
85290
55431
139418
135655
167397
64752
125967
10120
65519
112843
10334
173966
172282
56539
73364
80239
69043
172357
42323
136937
28367
187909
182913
60986
72544
55799
116612
106989
43005
173864
172521
100330
143525
103520
85056
81714
132235
88272
167589
187191
164325
598
166378
157543
58167
22483
162870
129598
64339
6930
145057
18049
95302
31448
8272
69586
43266
46896
62809
40142
190724
7519
96940
189796
40212
199463
157620
107409
152895
85382
130743
126367
166868
64676
191666
167796
53196
189476
91373
169950
28468
151057
37788
141003
31051
190086
89266
27113
108857
512
57160
161896
138224
107161
83264
130709
179457
154565
140710
94684
136134
54749
82840
166218
110592
53865
37729
19052
49548
121383
53090
71960
126034
25057
124922
158818
135831
79036
67960
100334
150876
82806
140345
4223
169424
180671
189054
58520
148500
44756
155148
139231
168825
90889
178630
14884
129495
198174
36858
24348
133362
102037
121298
10079
73712
88008
190272
55774
183346
44530
106744
132072
151209
162515
77742
20964
131648
57776
7337
29521
80445
184593
24662
52832
74034
192655
195982
75647
150256
70805
41775
80406
138523
127219
191347
95559
153784
138669
31744
152408
168695
95037
23485
133107
72014
183118
93329
34195
125303
96104
132536
89758
64586
79613
37071
61587
29695
12540
185140
75628
110187
136501
154736
47650
47628
72775
167027
184963
116742
167125
64805
22110
170537
129483
42048
186257
80323
5410
155568
192695
20261
91154
2622
123427
181035
195393
165816
6945
19107
148256
14902
1035
151165
20291
57888
99380
89101
130673
199328
167876
30320
7286
373
113859
42327
191268
61664
60442
21437
136987
127341
27160
88323
2851
186643
104787
183871
195235
126115
36421
49710
165139
149214
48092
50989
194956
41567
176886
189175
91418
163307
171765
30308
93164
78762
114539
77886
143251
6633
26637
132940
107073
37329
156991
122515
88798
53485
81409
158422
1943
172634
81729
37004
90809
90119
115519
169994
87044
63978
23649
82449
133386
83718
161304
199741
148840
157151
140187
91403
2310
19985
43076
54447
95800
135264
100385
121469
67089
43167
193088
118367
116270
89587
129905
104842
116538
136036
75451
136251
32933
57350
13900
17121
1005
147086
112046
174699
114710
114191
5157
165244
191784
39246
185223
72584
122218
77787
33479
2165
67740
167121
27409
103805
78678
42255
180347
8733
123168
55548
8528
23772
196404
184619
185772
69589
195893
74135
128699
139155
98460
136984
17446
144934
189999
122582
176570
78757
145899
105743
178539
130898
149987
106097
5011
195969
175687
196659
156043
70178
136386
132563
351
155838
10117
156517
174585
117106
21627
25215
152695
11473
103019
159105
133262
87208
124809
55346
19346
8273
189678
74596
153290
91884
10367
20900
39461
189366
189034
67289
166838
127327
70357
118515
132090
103823
16347
30282
56857
39587
76034
8869
199828
99474
104880
138214
147246
37873
74277
115178
162211
54444
81528
131425
49965
56029
143215
190196
181651
11549
119876
92770
155460
119336
62425
175202
149012
161590
90593
33745
179884
41588
131590
148784
48919
90921
5165
193101
182674
192825
2476
31600
28701
110598
180136
36264
72021
195225
69815
99582
130549
101021
171671
54747
32982
4687
108061
130854
194843
117583
7793
50808
155518
134454
70920
94397
153756
180158
161369
109527
126834
118219
130633
196864
147869
54527
127751
157217
140846
163025
102614
45030
77356
27943
89941
155453
176803
75602
102471
45646
29898
152173
62597
156406
95898
141065
8075
87175
184121
89508
5458
29987
81108
175135
93969
191205
55688
160497
44474
187437
31795
181719
113906
181228
18504
31961
63228
82549
121145
83133
160257
186818
45029
27165
99964
85657
55924
71430
84102
126614
189283
170339
35291
151445
45719
40412
96202
104720
60431
136881
24749
75054
52719
38014
75175
58877
147456
54234
49653
100082
8963
70661
21021
66367
4805
4621
198754
47543
100063
91431
15319
74172
118563
76379
170564
22514
86819
183322
146583
7379
99374
178969
142890
107012
18442
2647
6671
199030
20669
25722
147710
108815
165279
198023
185141
5235
45069
49401
98042
74651
170998
88232
27274
36604
80406
86184
185288
142885
85449
163386
67755
107979
167460
164329
187832
175875
1057
125811
130805
176946
96828
140502
131848
145280
115435
125988
75819
163580
155549
77049
83126
90233
104711
146468
69609
194370
167517
55280
126427
37321
141692
17506
82061
78645
129250
115983
75849
131563
192501
29378
198121
93186
46396
125368
136332
111103
77521
176003
103871
30704
125860
38351
19236
173384
72654
97758
156607
63032
75135
184358
105319
192968
167160
159879
118418
178702
59840
175543
114396
122815
25894
148422
36667
149461
58563
24115
180937
94533
84370
132951
106585
143510
199833
65462
177677
48542
189681
123248
174810
160434
24507
67446
97434
146416
3642
198877
85213
125106
191223
94399
73821
86755
170946
43664
191378
137346
124926
156437
23247
69533
28235
37375
3449
124287
15111
110825
179866
66768
27193
54205
89061
112169
68544
182723
54417
42710
69288
148919
31018
178103
111845
26668
117811
61131
87530
135726
137944
119492
196668
11780
10300
174172
144398
20504
194347
158661
195594
44228
173061
42188
59832
179188
159502
61222
159329
199029
155871
49518
180822
71061
163694
85356
100522
86609
9446
130010
27670
165113
34003
135795
35260
71648
112145
107112
19684
118641
78747
189016
189289
163445
89500
153623
155980
39305
161256
81725
148835
39846
66196
56647
20055
184669
165838
191677
15545
43951
15503
103937
29533
163600
154231
98734
90404
106920
130389
99908
44658
25296
198333
71739
89119
159519
95605
166963
120270
114856
85951
90420
159679
45835
195623
58271
175055
48819
11469
30078
141783
17686
175180
85601
36915
67290
92840
135639
41400
67633
179305
183363
98240
21407
139691
14417
146119
189390
73476
80608
96724
24076
16184
103342
79951
118750
20119
56593
97466
45652
22712
102472
194436
56532
18585
118961
148552
152527
102022
148598
144233
112044
169301
25712
95524
72265
161937
260
84517
158952
20758
155827
118119
16658
157752
198673
18808
32771
152822
10838
134116
23808
37720
47296
25281
48678
174182
123424
1498
159658
68702
91432
115849
106764
189276
39593
70872
64789
91774
137836
17384
35599
149156
86269
145195
41730
92361
151952
11801
156326
10861
192513
36481
54706
40909
185122
50422
7683
119933
104449
160900
120948
152831
51234
160142
44803
173240
140744
125318
136526
133582
86151
11939
198719
177753
58933
36838
108628
84837
36857
50824
31668
180034
51701
103129
175593
103207
171511
127961
63930
119016
164426
64432
155322
193993
21285
25853
150183
4858
77459
13228
76578
159631
107252
190327
130857
6031
34340
55681
187757
169078
151134
174425
129140
32380
57940
22883
188213
180023
2072
82854
175896
76769
111967
87759
119992
42292
37698
182314
37706
165454
192267
39553
149769
163151
122503
166954
196284
61121
183280
61373
111437
122671
117735
92447
152772
171383
11762
66887
157000
121300
40114
137115
28359
49568
78677
194811
6650
137467
196428
189900
112070
184314
135979
65474
66225
22387
30240
180460
31293
110485
112413
72422
63128
58103
116855
119900
4194
46144
195146
26962
29108
165968
80256
110679
78281
45178
91964
53677
137910
39494
130888
161429
165065
13343
83163
8640
116898
85555
162981
107811
24343
42931
95628
183046
109052
151557
66354
130902
63284
181206
81602
37218
72193
158546
154399
194332
66924
186394
36822
123360
100581
64346
46238
143042
183965
31135
43260
111311
187181
169060
159820
192736
37518
131356
29904
135162
130719
1925
34549
159861
53679
57781
72712
13404
26069
126008
164111
103470
178878
7202
117361
27553
44428
190933
119042
33570
16046
36410
1874
150153
171931
102189
33286
190076
52040
43959
4404
113798
184639
71767
185438
181263
75327
91011
93797
82273
160979
89693
174472
1034
115030
10472
148440
85327
147844
139230
153455
138589
174279
159012
66036
93959
179949
57625
180519
191902
3950
152904
40536
22520
156800
189841
68899
136963
165272
17130
164368
90372
121622
188886
106146
97580
126657
15462
102301
44328
192136
62282
16785
36373
70132
120001
152709
60255
156399
140185
153784
148348
187867
125924
52204
64494
40564
116101
24852
121145
58956
120296
71748
178801
179761
15897
91874
7432
116705
136665
117860
17574
48401
70205
43357
144585
85687
185116
167980
12922
169276
191942
185824
137835
173286
177909
144618
184233
101161
66008
5923
63380
6811
152543
180142
138581
12126
177189
193842
15050
182957
190172
106056
163505
5781
26257
147610
28028
115045
154212
60117
75335
97845
197364
8711
175392
42828
162353
189733
161291
36146
5065
100450
98360
99551
131024
117698
142558
46649
199599
184376
180104
4418
194665
145265
199420
87395
48733
38383
167480
115192
162912
19062
187948
138549
45557
169175
134579
98250
177149
170829
57522
20810
5587
108127
2651
48901
16653
55465
126359
19300
123573
51278
167395
164958
164777
136822
180961
73794
179943
15821
188540
104534
39434
155008
45925
65492
24497
196720
67271
116254
58529
31898
158221
157461
139665
34157
81264
157200
171877
140757
73356
174790
123198
114758
80091
19669
192931
22854
187990
125299
198628
85634
73736
168487
127485
96022
132226
106723
74156
167720
131152
26386
93991
106938
64703
83512
31786
5899
5902
132073
101441
21258
102053
21087
123150
117005
70697
170297
117803
31206
179245
95130
158018
36128
187527
156557
97362
192171
197802
79673
71011
187357
96507
39614
60063
143022
150941
174031
7975
131821
80133
41412
53164
2888
49477
35907
157550
98525
32165
104615
12747
85222
151455
167925
164441
166458
143784
68686
10957
127103
81912
57740
75146
144871
53164
138101
96318
17184
26864
187335
114551
161808
146651
94307
54258
89980
26856
159029
171622
81094
98052
81848
44229
74364
40803
130297
189562
109440
75090
57908
170472
68434
123055
128326
162227
102044
184079
198019
121174
162725
93030
18098
27844
3923
15197
82134
119238
139680
48904
143649
89918
73462
68465
74899
190453
189954
132868
194099
125565
62027
160251
124183
173739
117290
108239
100240
37603
168808
37673
143360
1199
47616
182915
199827
133689
15753
128767
94381
72080
153892
82503
90070
72107
70768
71167
30410
112149
174568
26765
140456
68556
85168
44217
95185
188960
132184
9553
21166
73977
24320
159660
1583
29988
85481
89229
5140
177422
147851
82822
36317
116535
68345
65555
158598
106219
194236
106932
151797
748
126692
170094
176806
75780
85847
161544
34809
132923
136268
96925
157276
140988
69647
12920
48258
16903
187652
91316
106433
169000
115401
42097
11759
1801
23974
17779
96318
98764
15963
96743
189361
23939
169253
11918
48326
63746
127872
142883
104130
78748
175537
161233
125908
112861
2919
47168
84907
93030
160567
57487
173460
10617
166003
150621
165926
47250
151814
61533
1056
91341
157883
14425
159881
51695
94471
41898
119723
162177
147304
176205
174948
140164
34689
53552
64049
105684
160183
1101
72907
143950
155327
33623
36492
135325
98568
13881
175395
45369
53874
186412
8250
39309
80119
66302
39369
106645
1365
179284
9778
141027
25586
20869
5237
51490
143003
85594
129212
124331
175378
176082
28
81096
17125
198528
174840
11582
32431
167229
149776
27607
168639
109975
179666
97082
93531
109670
65048
29265
2963
191784
38664
95237
37046
17984
69122
10410
133422
63895
71979
68159
7037
28998
171004
146988
107724
153562
8958
66889
35656
3241
41420
111608
51738
149867
163872
185221
35083
127023
2893
114847
189974
78662
111306
155686
13227
191485
149752
101353
28114
193650
142050
35466
31344
59034
196552
102949
150839
174455
148639
18176
159642
192513
46315
101527
54302
24010
37368
4105
106481
114458
139656
130756
30581
80431
82861
15943
178179
150554
97664
196417
73999
134835
21223
152363
30518
104764
172743
2684
6375
150122
93081
30933
37911
108462
157356
124867
5204
121180
165992
132583
1522
121132
64483
16110
163383
20681
173857
172997
129129
48270
150048
64098
149723
62814
74015
181844
15879
16361
46633
148014
144165
102323
145328
111949
193176
154511
182801
169131
82045
89067
122439
186084
34219
192754
100841
133881
184778
185815
62080
25024
76288
76336
149823
63780
143775
137711
131432
128592
96128
147130
76115
53154
135795
92108
176251
13918
3145
117105
9327
23095
138
111988
68444
150841
20443
37662
43227
21823
50344
163442
16247
143430
25967
45537
123674
3898
130203
177812
136035
127454
55221
132272
193009
93693
185112
41893
22178
192031
165395
32799
104914
37436
112841
158007
83622
154637
136275
121323
49403
96972
90798
149231
42852
154901
76718
48752
112019
49411
84899
64101
18394
31431
23005
21606
167982
89527
54044
3232
138705
153257
56537
82159
14231
117348
160474
106145
154197
119344
107874
100927
21300
130556
184179
145560
165395
170248
20267
104278
21038
162097
115956
198864
124300
120062
197509
4206
71408
15428
101811
43336
20142
56408
18025
97568
98368
78974
56144
51189
15306
2551
122004
126272
156449
139455
27855
103896
112249
171471
18968
178433
93143
144960
153874
126185
165807
114491
27201
186994
67951
195750
121777
51806
68391
14647
59064
26611
12542
20406
35465
179550
73804
59866
90492
145235
67329
121255
53531
122253
171627
103414
80018
68452
177596
189128
100323
149463
183513
87139
177231
14729
89360
26985
17254
188596
192153
23542
165207
92373
69573
120180
10622
102059
127960
193936
83531
137161
171084
44719
194888
35449
32182
168418
162859
188078
198484
50231
165711
191184
186668
153084
162023
160901
99700
75297
66997
108310
103829
138396
13636
136993
62516
26894
74037
20304
15222
183614
23494
2144
153150
77966
150242
91451
49038
43407
73551
122238
11607
77026
91938
852
149856
114675
143910
28711
91248
152686
140850
139872
121769
36622
47586
16026
26262
50909
92968
83155
139484
191225
79342
124897
80801
68948
36375
71246
36161
180779
75423
185725
93615
36214
104718
164506
157747
92174
27637
81120
25758
70909
154357
83126
118871
65353
73172
69807
56637
78172
102347
143056
139456
186777
127154
166652
55345
96862
165207
11259
77596
109522
164574
7720
163641
91624
20374
13539
186707
180024
80021
22307
7343
2502
174506
154205
127170
184495
141865
114629
96278
110699
198249
138723
72972
14559
197334
89209
150169
147265
150779
151711
118662
141674
69317
29247
195732
35846
113575
25463
42488
14085
4388
87751
127919
65779
74840
128733
145122
15253
120426
7359
26388
121039
60425
190273
194802
73982
79904
113232
197394
88267
35425
199979
181963
113830
145198
184853
188633
185608
48629
138743
106572
160220
30430
6000
66097
14437
176970
6107
11531
180224
257
82275
94873
147699
138656
95201
104805
129986
50205
61194
69110
121968
15082
3583
69
196498
82099
169796
158508
86972
22547
176693
147561
160012
22616
100646
95456
59369
46414
145522
85038
53233
12108
73903
199834
80819
122204
104177
78917
181278
176063
108729
158
47657
1308
186416
59900
129563
88988
109999
78004
118445
199873
187599
133368
144204
164993
30
174915
171996
39390
135760
139877
122272
188396
125788
137905
26482
23408
19061
158875
76482
117274
136227
55296
64194
88718
94521
69839
73972
111556
124809
55606
132394
85467
147567
149918
78963
116064
13414
108300
15878
37254
16034
11181
42034
164705
15719
81945
193923
194385
53338
87957
137443
179621
98954
70814
165864
86526
140064
193367
134838
135882
65409
198304
8495
137560
152242
62897
166099
15397
100350
181907
100120
161219
177558
177077
55681
199135
154376
82043
71352
46593
106949
125952
108781
155070
198333
16921
6972
3412
196748
81329
182433
48488
160057
68907
63338
64904
104155
116328
88175
198391
84319
92518
37671
174737
141722
60681
197481
160467
11301
112338
25794
6108
110436
105423
173247
105209
164815
156282
50812
5188
160894
97260
37419
95589
147232
103643
88263
126070
39303
82973
187159
108322
84618
172966
119006
132798
58768
1736
192205
64277
9345
123126
171604
98313
87485
140042
147758
112163
169779
132668
65022
97391
138426
154076
113015
52469
100599
116608
67643
56898
114854
178453
11869
186274
64163
121824
53242
198424
107777
58589
5753
11869
119695
79226
158226
73950
101612
64236
86732
157383
102391
168241
181208
77610
83351
88911
93923
48714
94687
160733
61050
1624
141382
92851
172849
46475
44856
41842
144905
100105
190084
158285
107438
247
175198
55647
167026
100388
155608
165340
178236
141019
118962
81759
9778
139993
46552
122584
185583
123229
102598
11052
164695
106579
2989
27468
183364
189658
41612
9454
89331
38741
41670
78943
179221
153048
129811
154536
65850
134652
100030
65995
157003
143392
79402
102298
172321
130852
84524
85445
59352
134348
77469
165579
112561
184398
172868
25105
83385
138042
55549
78537
118417
185991
112169
67767
179756
91350
54542
788
5286
175994
111572
191592
144997
94371
198448
75326
87510
112263
83432
153067
129877
13066
153837
71304
31886
150590
197065
41924
192219
73671
192731
20518
30509
81849
11132
6079
90443
193280
194853
68471
188970
104230
15565
65713
135525
128761
162745
38303
157685
195545
134049
112284
136311
3565
133858
58093
139341
63905
19872
61899
113917
65392
58592
129001
122268
13262
8964
128234
35932
4056
124379
95327
195809
4803
138355
68051
95747
164586
28167
104271
134241
14231
151305
116176
130543
138023
83753
86085
50800
57405
60423
113391
93689
12645
139223
97857
45887
105880
146554
82826
48685
109832
46210
173515
90985
130523
90344
101992
81137
11061
147413
88188
60322
122130
108665
65994
99971
120610
145820
144350
79310
81254
73738
66276
65383
64319
108425
44715
173664
93364
147053
132279
46362
160889
26032
193070
73507
105150
56232
174936
119589
85989
61055
186238
56198
168018
135593
177032
180718
132606
113432
174381
199796
176457
104911
198179
169135
86976
59995
51193
86097
62509
101140
175273
72881
126772
147075
69203
72242
190342
80530
105390
156656
49117
95557
164888
18804
92003
79454
43282
165400
12677
125083
934
187740
127148
182880
196797
96400
29365
48860
142034
150692
152161
174549
54387
24702
174780
61739
6152
120497
66426
110386
71549
51083
54483
115723
102431
53417
143345
169468
11946
45555
45935
23127
98851
29060
50984
105157
191689
127031
90245
23816
77276
152565
36803
128864
94191
77752
135624
131483
57412
22261
179225
18973
153045
104288
134638
192556
14111
11729
48952
139285
28236
56771
144644
19211
141141
164968
45466
13752
148119
111502
162127
102182
167188
162723
57976
3625
174989
119715
156476
111355
161691
5814
48942
8537
123442
60066
16432
114316
77892
67739
88395
111854
139250
15183
59105
20335
152685
109017
20413
92351
135301
70498
102083
197351
8722
29240
124048
127573
544
183117
160697
164757
174758
29179
118562
41122
64332
144816
157654
186895
39212
107540
65080
76439
31920
29326
125379
104704
175196
171706
27746
97551
36020
12011
116271
83737
103647
71215
124737
101456
74698
149588
99530
112336
68506
62849
24083
143709
35547
17915
48956
161344
144641
68996
55349
164338
39620
109463
2963
43131
146076
108755
171322
184199
148723
195194
1588
143453
8330
188595
128128
164833
12669
26222
131410
48234
91702
137515
100446
100209
104376
22110
121643
5214
76114
163691
159366
177771
192286
41633
183246
153000
127365
139855
179048
161669
162400
1986
81034
64585
181733
142159
95993
38522
12298
189731
106973
43692
111131
52599
63981
115648
75233
54032
65696
187803
60207
17756
52381
174456
66082
101136
107908
134218
113700
85218
129467
166988
93929
3236
70287
44659
173476
97620
71220
179854
58065
121013
87228
62185
116968
161570
112997
5225
132570
1998
159973
87576
30857
64126
116226
105523
17626
59591
124509
22910
110167
18408
122050
179002
149169
111219
95543
18844
123218
112506
59822
117157
12351
76431
158854
72245
61680
188469
3166
88860
19773
52761
153348
177909
69643
14697
15677
63156
139277
121577
98960
188639
133472
192756
122750
179370
113808
88485
136921
143471
45953
173707
109992
133947
171745
62410
115426
108721
132118
88286
60249
65426
172404
139773
32419
29923
59864
15113
14355
18712
29959
53159
32376
169866
140075
10545
164129
143591
158569
41945
113781
139403
128448
21892
52673
148415
23125
55157
66555
174255
75818
59382
59030
19422
62978
80401
95049
99616
43881
26108
196808
157208
191663
162302
90105
136394
158967
148903
194575
5663
172959
159449
19639
132241
198778
91755
113734
123281
113948
81517
11368
99200
79744
18175
129629
18339
135857
116358
191932
155568
80667
65392
95356
116627
117134
39877
12611
25718
95318
196444
58332
82728
10748
195013
120833
147815
63613
198892
197261
103742
172183
117496
196471
144039
169456
59961
44160
14386
78333
21131
199655
55443
81577
38999
53978
606
5074
26260
157562
193384
142943
7161
189840
114546
4014
198205
10932
38067
156818
27977
120083
21757
118192
153434
161201
43280
130808
29336
120333
47295
139689
92987
108146
40752
196562
125637
57619
142197
167968
193789
84828
126947
169563
87910
73881
186109
70029
188290
9916
166110
73442
41266
146991
86563
141357
65961
8411
109015
149887
73738
72257
25161
181115
25208
94091
73353
50599
34358
23492
198411
182520
77741
112436
99373
184675
77635
198340
66047
98945
69376
162549
103065
61179
162184
124953
129095
5784
172871
105793
141850
65939
75919
142720
135517
100205
154170
190576
79024
127381
134189
130267
176083
2765
62153
193287
48619
18967
177947
19344
101515
102835
185756
153487
104438
27521
151511
77861
28181
67719
118813
37561
61299
48750
91815
135731
60794
33152
13871
49599
34665
111366
33540
63185
113268
44331
36504
168823
13196
47388
71218
21236
95793
148546
116843
64904
1
112935
87541
134349
198790
147802
167900
132891
10781
95451
91658
92506
93197
189731
117131
3
146062
63945
173589
47646
106999
73529
106216
180081
52703
13520
58269
185124
197340
156475
159367
15553
28712
121642
106967
190338
196959
134664
161997
105099
17446
7865
41031
13926
197368
74672
85319
141360
120407
1210
2123
129061
173028
38934
36365
185363
97560
126360
79938
38044
191877
94079
98373
69753
119098
165224
119153
98793
68687
86235
198497
69909
112737
148083
77742
21261
168351
67121
19434
166937
14502
187106
145955
179309
171344
56777
181640
88067
132649
49888
195666
32847
56882
47709
126813
124229
53158
69592
121492
1180
42304
84636
168833
139386
77555
24982
177846
132676
195810
158331
182883
150127
299
135199
193979
174776
37647
27580
60591
195407
193000
148442
116889
49848
190451
136436
106190
183019
65330
131644
68673
167886
163704
103137
60144
195713
114974
164547
153333
107905
33923
102034
60629
1692
65319
24207
14795
78615
47291
198058
68217
98244
189649
78557
190845
176467
76250
173709
117079
8005
48379
127188
158332
152202
106407
198871
54260
71892
89464
34437
32683
161701
146799
136644
44877
188389
129815
83831
148956
9109
99066
45378
189684
67400
126014
3975
50724
110288
128318
4477
41916
174792
147725
9962
7583
94219
84240
98418
198752
135155
93552
137916
36085
189511
93141
28634
22291
96633
181380
146339
147022
174650
26991
156605
114914
198712
63687
16405
48037
157333
4422
80289
79217
17164
54096
79468
58692
33478
60030
113986
137828
76990
46704
155310
19694
65005
136956
100337
120324
28937
3437
93737
99148
145896
124757
35167
118195
92544
170662
24157
81642
145870
147782
149408
66363
11228
29604
33437
178153
114931
102331
105624
157253
160975
94885
9609
47431
100731
110542
25388
91091
47217
47085
122460
32333
181584
41295
122882
191322
193725
22296
45381
198997
78093
20585
97791
187225
69612
168993
100237
110697
112138
165699
55986
89873
105881
182847
39654
112998
112595
25498
58179
1290
130944
187200
122120
74819
30822
87458
49084
173379
87498
21914
50098
139918
47350
196161
54407
75489
92898
109124
13281
95257
33276
126732
9142
122760
56876
33524
119506
59626
39774
170757
65606
2389
124524
104706
198496
180097
153892
86880
183312
72152
156591
74323
126548
147816
35963
33906
80654
20360
38903
108169
113207
164
195312
107724
143025
75651
153229
129902
20596
11043
13881
155593
128866
22147
5393
143795
67028
3420
3330
56898
55003
51543
43022
189602
45231
65783
8144
74785
5558
150771
143626
118442
128180
134784
28561
183520
39612
192543
74693
176975
116015
159952
54429
37555
152112
80919
23565
69345
157279
55795
171459
169748
115021
114613
195431
151287
112949
185771
141311
76118
18450
131663
160471
161442
104931
195920
58286
85880
125372
193530
92474
161030
105591
177808
94918
37210
33199
33903
33616
71051
81878
