27197
104454
3057
155253
148857
57144
81490
177751
137662
106581
70386
110229
150076
15701
39488
12713
25471
92359
132322
61822
19838
1598
53892
157230
32664
107197
92458
178160
68877
56909
88218
33604
1863
18191
190500
46291
30572
76483
181964
15014
86777
61423
153754
94295
31053
138387
72266
123110
193897
189481
146540
115529
62973
159504
70695
32534
186647
18662
142681
168056
189065
62711
103356
1529
190309
31846
179274
37616
14189
185937
134326
187971
63843
104752
16225
170711
7731
146639
185758
14096
682
33370
190199
119226
172366
179454
107448
51897
173205
19884
9028
109654
108634
192791
161392
138246
69928
172553
54113
87942
196162
9919
27116
23754
198908
7296
92934
26735
137267
131225
158782
117223
48683
65448
97275
167249
162666
161121
158338
122138
177627
161601
168245
95911
115611
116176
82455
66403
99453
33863
186363
145141
83826
125847
80449
21705
51740
195552
63783
113486
183058
693
62549
100917
196388
25134
169350
129848
191942
177892
8045
117621
177393
32925
68445
77936
47011
181647
76377
75515
11737
18001
124378
77747
50848
183139
122204
2008
144752
116579
52751
101418
90503
119217
154614
166408
165851
57305
100814
126034
59209
135949
55222
171262
1070
116655
73051
180485
128088
133509
43729
184683
157192
81988
42820
197426
125899
74577
144047
111725
187438
37030
118486
195305
127836
59721
168588
92216
53185
191274
79940
139970
31388
51162
9282
23024
29246
62937
64005
180397
68168
96323
76637
185850
111481
153892
143156
142123
53471
140477
21267
192837
178617
35276
79255
164860
142035
19717
2284
37176
162092
186744
17008
8689
3990
113700
7574
166889
99904
138073
24254
67481
19492
174226
192123
199597
137401
171532
67354
33396
139296
94335
132456
129509
155587
153964
188105
192340
169245
18454
144545
14900
14778
54199
159484
152475
186689
83451
156193
33856
68870
177992
78813
110265
51071
87931
86262
95055
36076
23587
40847
63490
30782
84802
118145
128709
70321
78807
51602
47745
49887
146942
85177
74798
21861
174547
108942
22472
151789
133257
63369
166775
62935
160597
22852
164573
174608
177653
191030
53296
109269
35969
29958
136618
100364
188544
134303
186089
18967
74392
84229
51233
44099
133420
125488
181387
136593
35794
192063
130303
11384
62695
30166
47700
92338
44529
140032
186405
108042
157237
62064
116956
99307
84182
11362
143599
21062
155579
93057
158536
74200
107418
82461
99635
185297
22235
74854
6442
164439
142774
143200
9260
184913
173319
61288
178395
53416
76422
136954
152594
176570
175496
63315
31458
28034
73991
88794
147583
134893
185965
149352
14920
106363
85869
14622
146662
74050
26304
22549
167675
34293
188930
89625
88868
162849
8306
127059
83078
127761
92868
173711
10833
10737
33329
26061
25980
148450
16137
167303
184040
48679
107163
199213
182484
69673
155916
191728
50333
28925
180798
105249
46966
130617
31153
196823
57659
105676
26476
116066
20312
37381
214
1790
103810
4206
10874
130460
122502
63352
169896
49525
116545
183544
69971
22773
50174
125964
193498
79120
72104
50413
59438
77985
145166
189539
79869
168445
118331
17959
115675
175939
137866
166390
130575
35504
136407
102377
121314
18367
69706
97579
45769
155934
61029
197654
101436
184216
170510
112678
52592
168117
15711
156608
7905
84022
172850
87480
152240
198395
106391
175280
41160
21938
145613
21105
186769
85909
150491
127704
127169
114742
123515
170530
43160
17836
195500
191299
11981
3017
138775
64852
36532
164236
77048
122671
109649
133979
181683
61350
38443
99125
170435
8009
93014
31563
181016
186373
71699
42576
28353
45656
32661
8911
28854
35282
134429
198623
31123
196005
66764
69060
147472
172787
177422
199091
64796
74968
65239
188788
128984
79340
99341
18377
124507
37318
37919
133291
170175
8908
189456
194864
168273
97141
52273
18310
314
111271
51421
63615
13312
72008
48743
155431
185358
94085
111811
169182
198108
70079
118694
81300
35267
31766
15874
45048
23320
127445
2470
53206
90096
162715
100842
28075
3827
34878
121180
187052
96356
82481
47253
187424
193455
54931
72493
120554
76631
48089
45941
166703
86210
28456
45547
53356
14504
129021
94955
155769
92389
67215
179839
84642
23529
159256
22814
166151
149393
122263
136407
26671
170850
102849
88735
33890
72417
66269
170925
97267
184795
38646
169219
171086
14853
137105
153859
77655
58970
142759
41703
179298
148163
165514
135156
173645
105619
52925
144641
103945
78987
4731
165949
86634
173193
192126
199245
69139
75383
124670
10656
31687
83061
194993
167456
21119
124057
198726
188706
46328
14381
182891
108112
3034
20531
99587
28744
147267
105714
20867
65673
75934
54839
33095
23811
124122
168440
41534
80942
182069
183286
82927
48772
69488
191665
176139
59909
58454
134228
8720
162974
188580
46358
142340
13038
113749
86393
4028
62679
100163
116451
13033
40242
38870
127503
97969
75751
187008
95803
27494
18521
78332
114841
182344
120881
151619
42412
181253
75749
157273
18533
26782
124118
9988
63656
54980
8485
112114
186357
98266
77740
178199
79472
67761
82567
3685
168745
116286
34521
43927
32186
81281
188604
68541
143658
27577
85638
188257
115624
164844
183798
20363
105922
73346
24539
71341
150116
90040
155855
102244
72706
33643
154939
58737
116038
174540
92297
28573
137647
61665
122841
27143
179848
186533
42016
156148
136103
13904
16051
187064
176022
134374
185536
37421
21081
141499
18384
51722
105980
24412
81544
125994
79240
50750
167537
189107
67064
35270
85546
111745
119656
155414
8185
23783
194860
74729
86241
106515
10929
2478
180216
88605
80697
127055
146049
9124
130998
109994
53488
49811
175250
123527
136351
143
159991
30009
76394
160153
72770
198073
31900
142612
161258
6151
104562
60870
152178
129147
6979
24443
125853
84306
55106
64666
93228
64220
25812
127951
192249
4034
131442
58578
8701
75372
194899
162839
182354
17109
53511
161855
92135
134170
160183
176521
174879
93667
167592
29079
134968
14430
161982
176146
67823
92150
30005
53740
171055
79895
120331
143131
51006
121376
194416
189012
132744
2848
131284
86816
85337
193421
82503
92544
42048
167187
187165
97400
86087
93816
39454
81541
43164
122779
9674
66788
16460
113285
145325
158853
62032
125397
33007
57877
132379
167399
35437
142278
135621
21378
182778
140409
30886
168365
46507
108536
148487
113496
77357
161980
17343
133696
57847
57319
178732
27194
57837
180271
30314
152292
70104
63631
44990
104380
58922
87977
193702
4697
160795
163183
129217
9574
101527
42234
1680
74887
83655
186834
13670
16943
61034
134980
91048
112636
100247
81835
140482
139864
142102
142564
157080
142812
91898
180165
151957
